337 1008 284 173 237
0.7802007063780904 0.19055859726258462
0.36797367565114436 0.189553728790383
0.6855043297653625 0.39088716404609336
0.2406945153493696 0.2754002473937004
0.6348986271422438 0.5647337891373552
0.0686221971143881 0.351515697183434
0.8440760078121713 0.4432385935538765
0.6958010107807764 0.6081843913243478
0.9198037073580322 0.44639358845123844
0.5906164112472663 0.6731645525858084
0.014769123423561514 0.033816063358732884
0.8443108661945306 0.34399303730724706
0.6068466545532539 0.1378059570394733
0.45628957107092394 0.6153576603246109
0.6340169511124221 0.41113953849740426
0.8918424175286838 0.6954156102865049
0.17027252498033796 0.2027158804273267
0.3676347124908168 0.5262249264490232
0.5631940746540499 0.8860868054842526
0.5712962418315756 0.17599559843810286
0.9704841349668419 0.4090645863851632
0.5536644181100833 0.3546554038403712
0.5305958500869545 0.7070164125842756
0.3457140999362156 0.21926520099048163
0.9816965233538174 0.9281178615766867
0.44693304417853497 0.5821067511860125
0.40355688103427934 0.2557526398425498
0.7078785666016562 0.6118060720996011
0.8985586976179546 0.4814090660625747
0.2868777671390743 0.12664360372129435
0.450865061179356 0.3808383165618021
0.29930969899523174 0.619242020379696
0.9068989148998653 0.37690343262365356
0.4976349589702569 0.22311133560163487
0.005627206012402408 0.9344620378020019
0.8213147702892856 0.93407022777081
0.6537496932815113 0.6257898094593802
0.9379874654758452 0.5333512057537508
0.1887425530104011 0.8294660073756084
0.9607477396212255 0.8242369591030372
0.20180902060197647 0.5813060532461681
0.37110001942638604 0.9903632851116997
0.6031405770502594 0.18284058952578697
0.8031341499144034 0.11136430368681327
0.0034936655819451934 0.7910043726723537
0.751698027427535 0.1303234476594014
0.15893894573187328 0.36211207243271204
0.45581822166620545 0.8575339128386018
0.17974100639202228 0.003862941193051972
0.1783467910568054 0.9163604879091809
0.4396784711931303 0.0010294947672715438
0.8537880651688496 0.8895341629126116
0.6387159445369288 0.5236498481536966
0.6084869003323635 0.3079999378106405
0.2697906819277952 0.30095740351573896
0.9708353694873422 0.5394770281228555
0.8195784772751018 0.349945729377256
0.6838822565585214 0.08018041475140436
0.3934547594296054 0.18438004411744013
0.9087058408373776 0.23069065314193105
0.09646874231489388 0.7982315114423709
0.26413700650393146 0.6457491556004308
0.4249996494380357 0.11692393309536975
0.5868966369289276 0.7877942152346384
0.1278656668004432 0.5404470966573418
0.5159374202740398 0.8853426951153051
0.48100820436776803 0.6643045004862955
0.005756928357268376 0.5998611180668789
0.6864752073139634 0.25742771352985694
0.6556753450110918 0.23855908289388694
0.1542788165200366 0.10060350638114857
0.3055480347728715 0.015576816375307834
0.7548047673929429 0.3446238416937746
0.6931090656175701 0.5603279026655301
0.7398015402189158 0.6342831349490738
0.09411925946132382 0.5992974253968932
0.9215799059488711 0.36251104121207867
0.7737180630753262 0.49638418262844497
0.8729043338340768 0.06834316478213498
0.7658556688990281 0.12691566011301336
0.3641594387982421 0.17309613910970623
0.967407970942865 0.38175264689293387
0.989726352777853 0.9610275883206254
0.7845540228722351 0.45043993783228065
0.9521055309801943 0.9539256634711093
0.6012216320071762 0.916148478693459
0.27017370837130206 0.603486580007079
0.15288345190244723 0.6101932711231087
0.2570646511035354 0.5310030748137973
0.48371312936727595 0.12020075485662873
0.9735147056234942 0.3808004616004156
0.5410864542663939 0.8235379410824054
0.5041158438364808 0.7220210054476895
0.6186402692427615 0.3264050425630274
0.32677032499600067 0.33277170585934435
0.7975772489378731 0.22903234698340835
0.7497426909707564 0.6313144381333339
0.2556324717409265 0.2087109826138469
0.3760565365137175 0.9808911278375629
0.8140930641902413 0.5149262383558838
0.8215848285775249 0.08794163824584822
0.37548976294257785 0.10465167061521341
0.4610342634480642 0.7378848488922557
0.9680550629107181 0.8109005094748686
0.8051256216547846 0.6682986142954498
0.9577696084732646 0.13392063793942277
0.2226237254947223 0.4662478026688204
0.614794983554188 0.4719580230814948
0.1124721394551842 0.9946734516248517
0.6283173787776077 0.8673028191928849
0.3041391649364702 0.002170703439454136
0.3523036240929608 0.6333713080359529
0.4183836380131286 0.25114701684070695
0.5343970149000867 0.5498658072388923
0.15600009711741003 0.7112658809800769
0.031157687474426377 0.66559396280458
0.9987048197199909 0.10824596801745023
0.5450780798707439 0.13231768564746293
0.604175632611528 0.39249902902309475
0.7322811084924864 0.908041378513132
0.2563600839168859 0.4977545011754897
0.12453528021142435 0.6144375086523749
0.09251785594969042 0.0967325322408017
0.18519691119812032 0.310647591116483
0.4700652246183341 0.9290910586447424
0.4759170077394601 0.4544847855428694
0.7591406667269864 0.676287128224279
0.3494262755485128 0.8621040328790036
0.050912424257824496 0.2886561839463082
0.8034387701175806 0.048494315241620733
0.7570002095155509 0.1319275321596879
0.13169072085906952 0.9336869107594773
0.8419852007342781 0.31355781585849785
0.7903582018879886 0.5333624672261278
0.47883336546000255 0.07367895203016817
0.46157367497581425 0.9175789446419
0.24615947702538965 0.18112039256452772
0.6404874722853189 0.41763115768758097
0.596610215913795 0.8618802636062701
0.19829797003184657 0.7885922451600884
0.21724655892891742 0.9055836785684855
0.2808996251042285 0.7938759523604834
0.07565701804884117 0.2448802738642325
0.591275168626902 0.468198116211505
0.3996351215204731 0.48339799075068335
0.5734850319947828 0.13660432885024276
0.5736059082705115 0.5597832220746436
0.2670830303256977 0.11977036074255076
0.9515876844150785 0.9785218182053894
0.6330142336910658 0.9395704628367899
0.8843272996756621 0.812650073860669
0.9655277450204206 0.7539481505722154
0.8373481027263342 0.9891279385373498
0.5993631940839872 0.6964127870482755
0.3370017332781776 0.20456140729109507
0.49744657995137076 0.7730248078683349
0.6232165745400091 0.1871248373733745
0.4615576365244861 0.9785206203276755
0.3104868139635545 0.9199483792521458
0.6469076041840179 0.3332687155055434
0.06274796908957703 0.8718989451695343
0.7812923159047499 0.6140358102125543
0.27313611755688383 0.2435982342649956
0.9904627855369966 0.6540825623581328
0.0062299689999307795 0.7296845949277887
0.4135816947379709 0.22189620044087544
0.008225796823304266 0.32274007658313475
0.8561103265471739 0.6529072823179429
0.41959746408614795 0.23996755017871918
0.5721982269615499 0.604826591131627
0.9351453928056752 0.14061765830915174
0.8946228399401202 0.5347768558375903
0.5479388481579343 0.42032841824832134
0.8375544867162691 0.755183921096766
0.6865091232109244 0.5179551949377337
0.985897505863598 0.21543017632696493
0.5087511555055162 0.8511324016625567
0.9546853681780844 0.47756251139660266
0.35134381897369105 0.2087224320732275
0.45298441647162824 0.706886336467821
0.8500999939914148 0.17147139723381488
0.518986630947965 0.8820658239236443
0.04450963914769135 0.40660535470817105
0.8064494363812639 0.8443896634342584
0.8588401608920077 0.4877647541219562
0.8973660990328157 0.25215123722869603
0.7125101152330341 0.22858869575591412
0.49172773243556644 0.9836303886973446
0.6540540532533027 0.38642511019601566
0.9824636463618764 0.04095346635979047
0.3358475433312055 0.9920564638603827
0.36212427894317356 0.5471476166778009
0.3508632001112886 0.49199523800962996
0.6275963141245412 0.9999934493027088
0.9380799846633092 0.3518168632429447
0.8501176333889818 0.5488206790906774
0.8297697377686384 0.762162520881945
0.860084745028053 0.6941787365755989
0.06173624302056724 0.6134576840483998
0.059623191928791175 0.4753550698593644
0.8966839824925809 0.9610568935395153
0.22061725740927463 0.9070015136624564
0.6212449977262802 0.7894386328075984
0.25187204829907517 0.15366920390505634
0.8687941544159129 0.002239024273147816
0.8263077517495735 0.6898407622245544
0.29303428931490116 0.21432659952232502
0.4475620156320137 0.48308838095353157
0.871434727380933 0.10278440170184766
0.005103660768311591 0.059274578015875545
0.8529577525742581 0.785580338440534
0.11793662933315108 0.16125219021478343
0.38110955536581725 0.939870006240268
0.5992003517108153 0.5963090396829253
0.12120365259554589 0.14629071548976413
0.1874488916774869 0.7826413719989149
0.7998259894628987 0.251269639143757
0.28511803554412374 0.4514298624418168
0.42484321533467373 0.37628258965488626
0.8206655837319462 0.9386306477953175
0.09589630741172217 0.5711642837535998
0.5080975693246497 0.5093829253392024
0.7381742263732008 0.007985129468524144
0.7160684805769428 0.19797378074770344
0.7963627218104008 0.04267344515667548
0.8784713331109197 0.7175902264649067
0.9110163819318651 0.43347601350211196
0.8794089883389762 0.09662680435730808
0.8662020431389885 0.4985141483559341
0.1276654857291435 0.8321072132618048
0.6451145669906138 0.019106517191605832
0.09927208452156044 0.5158161060299241
0.25946658409335743 0.2511935784188165
0.971489743511874 0.08502793054209412
0.12880616458853256 0.49411332976658306
0.597506057794683 0.07725711703456961
0.17751710569181467 0.2841414839064754
0.47837118748318586 0.5272441494223373
0.49010893623602925 0.4296233362069457
0.5771742342038969 0.4344304668528075
0.3195045034116545 0.7851890646584013
0.7901878333287 0.05046473352191194
0.4783854359516363 0.8744578263941525
0.640684865584279 0.5888212417278055
0.6602562200823974 0.21380010015686246
0.29335896881278234 0.3424015620994366
0.034740475504049684 0.4641422397213243
0.30075553850371006 0.6100279744241588
0.5407235399005262 0.3434607191707948
0.5878477918155687 0.2790281398119384
0.661307521415379 0.5695277359657934
0.05686825716896904 0.38864754889994835
0.1061464580976299 0.9706343939180004
0.8517329289690483 0.5078172947277191
0.7495807871753869 0.3014308273483133
0.7598716256743218 0.3008421328119929
0.3770918410425076 0.23168779203548662
0.4490051801781453 0.22586399742013552
0.2779487447605017 0.4376972359226282
0.23738599245345327 0.9134945972272518
0.4885214595504357 0.7191943005648029
0.8782455102124838 0.4067998741366067
0.5385856624451854 0.5890965464957452
0.4026684517010021 0.10885851410959568
0.8820460795667296 0.839021130913691
0.40984065500651945 0.9804052606055482
0.803857317682538 0.17045343924299872
0.3195931399414512 0.25760907919619136
0.486521798117028 0.09960639431781082
0.009392579920559085 0.7188254514319317
0.09239703755630324 0.993422020064187
0.9464038789738269 0.31920095397517034
0.17214493535130382 0.2748323622376616
0.394978090545126 0.833297073600558
0.44500849125263764 0.5473097108477021
0.530894759832152 0.99843988846889
0.013201722728093945 0.6319012341592366
0.32591466193784 0.5352909633662585
0.37055130509742196 0.28435631616868184
0.8796753986151397 0.3371735597409111
0.144628971506081 0.6656194409690137
0.4706889731397834 0.06597798914017561
0.3719659320580584 0.4758753022828136
0.974176794101202 0.3700085399850641
0.2475420733482273 0.03049709694446623
0.4517043097180705 0.9479235514508236
0.7125938090026288 0.4556628080842666
0.6560542125284531 0.7229593134024686
0.948886599161983 0.6120684273650188
0.9145029561031424 0.46291762727217667
0.8329493155717437 0.3170811929213867
0.35464323062145797 0.2839356820301705
0.6703694829023182 0.9288398220375348
0.7191199714355023 0.6098462164573533
0.07809954560421639 0.38022303581940176
0.07912544420079426 0.3239748150033894
0.7118265109465164 0.3062714534999711
0.6012246867572532 0.046510439171955076
0.645808263410859 0.995562085529966
0.14805954877408312 0.6981240802493646
0.6041818131948373 0.5141989388339311
0.9007058180742487 0.7692997902661437
0.9156002272008907 0.5004970238027282
0.3789347986334567 0.004881188766272526
0.017156173363534588 0.8091010658061395
0.20535694290615547 0.534625657918478
0.5689023488128013 0.3951948169702343
0.7104023049889578 0.8330976042206919
0.7568798471737535 0.5726200995224724
0.007318063486883908 0.2760211133016981
0.16041749207455003 0.05413954059309012
0.47984118711342216 0.47525145744444497
0.6385666686498931 0.9877406679628237
0.7199299669797797 0.0208137715074731
0.050887654616424416 0.5397929381666343
0.8289150891824005 0.7359966710729295
0.26940523008850636 0.44403369042637886
0.6526573517391961 0.06027739520417397
0.8614024472201499 0.334773053121464
0.9597759203224799 0.7148938708040994
0.0268237147456436 0.6133713696073176
0.7917370500032268 0.37716891460481516
0.8594092504491248 0.058957440988221865
0.21457066582768736 0.6922298555754337
0.7672846073879706 0.3875197187810966
0.48420759172070227 0.584556900297677
0.9365813575241402 0.4879164590433809
0.2009078364846929 0.49683171722811115
0.05076510924692612 0.11901487578933345
0.37297638774316544 0.8798477527348222
0.0887001181110153 0.43908395241971887
0.4359394263182367 0.9847817188540589
0.9160801903264063 0.8567290271029315
0.18058078453550963 0.7679159504048175
0.5577076974583091 0.3420704391174494
0.2317149829503996 0.5079393725723794
0.4922040534491763 0.517532916357783
0 266 48 36
0 95 27 44
0 130 7 28
0 216 19 18
0 223 28 2
1 80 49 29
1 178 5 30
1 58 14 16
1 154 5 27
1 23 16 32
2 188 42 22
2 137 49 15
2 14 21 45
2 159 20 18
2 286 39 41
3 232 20 20
3 54 33 6
3 162 42 9
3 236 6 20
3 123 19 8
4 243 40 2
4 250 26 9
4 52 36 41
4 213 23 48
4 73 27 8
5 295 48 20
5 294 34 45
5 251 16 46
5 182 8 23
5 128 24 41
6 184 7 24
6 261 6 16
6 228 48 28
6 83 10 21
6 253 45 9
7 27 34 30
7 293 38 4
7 36 16 40
7 73 46 24
7 74 29 23
8 226 3 18
8 289 12 7
8 28 47 27
8 326 18 15
8 177 15 24
9 153 11 15
9 22 43 28
9 169 8 39
9 213 31 39
9 36 27 5
10 209 2 22
10 328 30 22
10 122 16 35
10 310 10 49
10 70 38 0
11 318 47 0
11 56 4 17
11 290 21 16
11 132 5 17
11 279 8 30
12 145 21 47
12 42 48 15
12 156 15 21
12 19 33 29
12 235 48 17
13 25 46 33
13 325 8 12
13 66 10 11
13 274 22 17
13 262 6 48
14 137 4 0
14 188 10 39
14 118 9 39
14 239 37 6
15 225 38 37
15 197 39 3
15 167 27 32
15 205 35 35
15 319 30 38
16 211 47 33
16 272 37 13
16 214 21 29
16 136 34 14
16 236 11 21
17 191 19 16
17 192 24 24
17 277 34 14
17 282 21 49
17 144 2 14
18 138 27 34
18 181 17 22
18 65 26 2
18 85 45 43
18 176 32 45
19 42 45 40
19 145 33 9
19 117 8 43
19 156 19 31
20 81 12 6
20 90 22 26
20 283 42 19
20 226 16 4
21 334 39 13
21 248 6 13
21 306 5 37
21 118 27 37
21 172 10 47
22 92 26 43
22 260 26 41
22 66 19 4
22 153 42 19
23 178 23 15
23 154 26 9
23 256 34 18
23 267 1 21
24 82 13 33
24 84 25 18
24 148 26 33
24 200 16 38
24 332 18 41
25 274 47 33
25 325 35 39
25 237 46 46
25 336 22 10
26 112 27 0
26 168 42 14
26 165 10 48
26 256 34 41
26 278 45 17
27 293 28 19
27 74 13 26
27 96 44 33
27 73 46 47
28 289 36 8
28 302 27 40
28 228 25 5
28 326 2 43
28 184 29 5
29 147 24 28
29 203 13 1
29 136 21 44
29 97 47 25
29 206 4 40
30 218 31 33
30 238 43 27
30 125 31 14
30 248 23 31
30 311 16 26
31 247 8 42
31 86 28 18
31 61 27 37
31 111 26 34
31 277 17 1
32 76 27 36
32 194 48 35
32 261 47 21
32 279 17 24
32 226 32 42
33 257 12 2
33 168 25 44
33 165 23 4
33 112 4 37
34 160 29 43
34 270 31 3
34 252 35 30
34 108 12 0
34 304 36 34
35 219 31 2
35 51 30 3
35 152 47 7
35 200 19 32
35 183 29 38
36 243 22 32
36 250 5 24
36 213 42 24
37 55 13 40
37 302 5 45
37 171 22 33
37 326 22 31
37 177 19 16
38 139 49 25
38 215 26 12
38 229 42 2
38 333 17 29
38 140 37 3
39 103 21 43
39 332 29 22
39 151 15 36
39 150 27 34
39 264 0 27
40 305 25 6
40 87 0 29
40 86 1 6
40 88 7 34
40 335 23 37
41 98 30 5
41 190 30 15
41 265 22 49
41 212 13 17
41 331 14 23
42 156 39 40
42 145 13 36
42 244 14 9
43 100 26 0
43 79 31 9
43 130 44 13
43 45 24 28
43 266 7 33
44 304 2 22
44 164 3 18
44 269 8 18
44 60 4 39
44 160 28 49
45 130 36 36
45 79 9 25
45 266 7 26
46 123 25 31
46 236 35 17
46 294 35 47
46 272 4 20
46 295 25 7
47 242 46 27
47 176 33 31
47 135 11 10
47 273 41 10
47 65 25 39
48 310 40 47
48 284 38 2
48 70 27 13
48 110 25 19
48 71 18 43
49 140 20 12
49 201 21 7
49 131 19 45
49 259 43 48
50 303 30 46
50 281 25 36
50 134 36 11
50 268 9 49
50 263 41 44
51 264 15 5
51 219 14 40
51 183 29 30
51 332 2 18
52 300 13 18
52 174 31 27
52 250 0 1
52 107 4 32
53 93 35 10
53 249 31 11
53 159 17 6
53 334 45 4
54 245 34 3
54 232 5 21
54 162 47 12
54 94 27 38
55 326 43 9
55 177 30 7
55 302 21 16
55 288 32 21
56 290 34 8
56 321 5 36
56 132 41 19
56 318 36 22
57 317 26 34
57 313 3 24
57 230 15 9
57 235 30 14
58 80 12 16
58 165 21 36
58 178 5 43
58 256 16 0
59 185 5 48
59 175 14 27
59 180 39 22
59 170 33 21
59 271 18 1
60 229 11 44
60 304 13 25
60 160 45 40
60 333 20 31
60 215 3 33
61 86 29 32
61 247 34 32
61 323 43 43
61 111 28 26
62 263 5 19
62 101 8 40
62 89 17 14
62 268 19 5
62 281 20 12
63 202 9 14
63 91 39 31
63 138 42 20
63 109 21 49
63 155 4 28
64 231 17 49
64 220 12 48
64 234 45 43
64 75 12 16
64 121 48 22
65 181 35 0
65 176 42 49
65 242 32 49
65 135 45 38
66 179 7 30
66 260 11 23
66 92 47 48
67 320 27 32
67 276 18 33
67 198 21 17
67 115 14 10
67 314 40 49
68 69 0 8
68 186 23 36
68 244 17 44
68 296 22 0
68 223 30 26
69 244 15 40
69 186 4 20
69 156 3 9
69 223 45 46
70 310 36 8
70 214 35 4
70 122 39 35
70 211 39 33
71 110 30 25
71 284 30 43
71 303 8 2
71 147 10 26
72 254 31 8
72 255 36 35
72 324 17 7
72 321 30 23
72 296 16 30
73 250 33 41
73 174 30 46
73 293 41 36
74 96 39 33
74 293 32 14
74 161 21 26
74 126 27 1
75 220 47 47
75 121 7 27
75 198 25 47
75 87 36 31
76 194 34 48
76 279 8 44
76 81 15 9
76 271 11 20
77 133 46 43
77 99 43 19
77 83 14 35
77 286 16 42
77 308 6 23
78 322 18 26
78 227 27 48
78 208 14 40
78 100 16 47
78 204 16 0
79 130 39 6
79 266 15 14
80 178 2 44
80 154 18 42
81 90 25 1
81 283 33 3
81 194 29 26
82 84 10 26
82 148 1 27
82 200 16 6
82 332 33 13
83 324 44 17
83 99 28 49
83 286 34 9
84 148 15 38
84 200 30 6
84 332 35 47
85 149 45 47
85 138 28 47
85 109 11 13
85 292 41 25
86 247 26 19
86 88 24 5
87 121 1 6
87 280 18 13
87 220 16 8
88 120 8 22
88 335 27 43
88 305 40 27
88 327 47 25
88 277 17 41
89 268 0 43
89 134 1 46
89 281 40 5
89 117 35 28
90 283 3 18
90 194 3 45
91 176 32 11
91 181 8 18
92 260 30 8
92 102 16 1
92 155 4 14
92 179 24 8
93 159 30 39
93 249 27 19
93 334 23 23
93 118 27 10
94 245 32 25
94 291 49 6
94 278 6 23
94 267 27 20
95 216 11 49
95 266 42 14
95 180 19 20
95 255 17 17
96 161 27 10
96 293 31 17
96 126 24 9
97 136 41 43
97 206 38 16
97 162 27 33
97 232 6 27
97 203 21 2
98 265 9 37
98 212 28 36
98 190 45 6
98 331 17 21
99 133 17 2
99 253 17 20
99 195 21 27
99 184 21 5
100 129 11 31
100 322 5 13
100 241 32 9
100 224 4 45
101 263 28 42
102 179 18 45
102 260 36 28
102 155 26 1
103 151 21 1
103 332 13 9
103 301 25 13
103 150 35 12
104 205 10 49
104 126 22 35
104 167 30 37
104 161 47 37
104 197 33 26
105 170 3 5
105 116 14 19
105 233 46 13
105 175 29 39
105 227 26 7
106 327 13 33
106 335 13 40
106 120 29 31
106 316 44 5
106 258 2 1
107 143 35 0
107 300 10 32
107 239 7 12
107 137 1 15
108 270 22 48
108 252 19 40
108 131 17 4
109 138 26 30
109 149 3 7
109 292 28 44
110 284 8 0
110 303 5 9
110 147 42 4
111 247 43 1
111 191 3 26
112 168 42 48
112 165 23 25
112 257 16 39
112 256 17 3
113 262 4 33
113 146 40 14
113 221 41 24
113 336 1 35
113 237 44 47
114 299 5 1
114 280 6 43
114 323 0 24
114 333 49 45
114 215 7 38
115 276 32 47
115 320 35 34
115 269 35 19
115 198 25 32
115 164 41 17
116 233 28 40
116 189 4 38
116 170 40 18
116 175 24 4
117 145 36 42
117 268 22 41
118 306 43 34
118 137 38 38
118 239 2 45
118 188 3 32
119 292 43 8
119 307 7 46
119 219 36 34
119 183 31 31
120 335 41 24
120 217 26 14
120 316 8 4
121 220 17 43
121 280 38 19
121 198 48 35
122 328 5 4
122 214 28 34
122 211 0 15
122 310 15 3
123 236 33 40
123 272 44 40
124 135 17 33
124 285 17 16
124 157 23 8
124 242 4 2
124 187 30 15
125 311 33 6
125 238 46 23
125 207 20 48
125 221 1 15
125 336 21 3
126 161 26 12
126 205 33 21
127 329 7 29
127 273 23 46
127 158 11 21
127 240 0 8
127 212 1 42
128 295 37 43
128 309 8 10
128 142 41 45
128 166 31 22
129 224 10 2
129 241 21 23
129 322 13 28
130 266 4 49
131 252 2 42
131 270 25 1
131 140 11 41
132 290 24 19
132 318 1 9
132 279 6 26
133 308 48 7
133 195 18 5
133 253 14 39
134 281 11 41
134 268 7 8
135 285 21 0
135 242 0 35
135 157 13 26
136 203 43 39
136 206 41 38
136 147 7 16
137 188 9 27
139 215 29 27
139 333 47 45
139 141 1 12
139 229 25 44
140 201 36 47
140 259 18 17
141 240 39 16
141 215 1 17
142 309 0 38
142 295 2 19
142 211 20 31
142 272 2 34
143 239 1 10
143 300 11 22
143 172 43 23
144 282 28 20
144 207 9 26
144 192 23 18
144 191 40 2
145 235 13 41
146 213 14 2
146 169 36 15
146 262 1 3
146 300 27 40
147 203 7 9
147 284 32 44
148 200 20 21
148 152 43 39
149 292 33 49
149 312 6 36
149 298 38 42
149 193 31 46
150 264 44 6
150 210 45 43
150 301 46 27
150 332 42 27
150 173 4 45
151 319 17 33
151 301 9 14
152 219 23 21
152 200 8 33
153 287 28 44
154 178 30 15
154 206 4 17
155 260 25 14
156 244 32 15
157 331 49 25
157 187 16 30
157 285 6 48
157 265 29 46
158 212 26 29
158 259 8 29
158 329 25 42
158 190 37 30
159 188 34 15
159 296 47 6
160 229 3 7
160 304 12 2
161 308 27 31
161 293 6 13
162 232 23 38
162 206 35 5
162 267 18 10
163 288 25 2
163 319 22 39
164 269 43 27
164 304 13 7
164 276 18 1
165 168 0 10
165 257 37 33
165 256 31 10
166 309 48 7
166 295 4 3
166 251 43 24
167 197 36 40
167 205 41 8
167 225 31 29
168 257 45 33
168 256 0 42
169 213 35 18
169 262 25 38
169 243 29 15
170 233 24 48
170 227 45 33
170 208 15 34
171 302 43 38
171 228 36 41
171 195 20 37
171 253 24 12
172 239 26 21
172 306 20 6
172 238 31 13
173 196 7 33
173 315 34 2
173 210 38 26
173 225 41 7
173 301 45 22
174 250 23 18
174 286 24 32
175 185 15 9
176 181 30 32
176 242 7 12
177 326 20 37
177 289 36 26
177 302 25 12
178 256 13 14
179 260 23 37
180 266 33 46
180 208 13 11
181 242 47 13
182 251 11 4
182 294 31 33
182 330 48 11
182 246 25 42
183 210 30 0
183 264 4 10
183 196 24 7
184 228 44 38
184 253 49 18
185 271 10 38
185 279 44 42
185 318 37 47
186 223 32 1
186 244 20 17
187 275 35 18
187 285 43 22
187 331 40 1
189 233 49 40
190 212 6 26
190 265 16 5
191 277 11 4
191 192 31 4
191 282 36 33
192 282 19 27
192 277 32 28
193 312 40 25
193 298 11 49
193 292 18 29
194 271 27 38
194 283 0 2
195 253 3 32
195 228 44 39
196 315 8 27
196 210 28 17
196 225 11 16
196 301 17 17
197 225 16 1
197 205 8 11
197 315 22 12
198 320 41 41
198 276 13 15
198 220 43 4
199 246 30 9
199 330 32 37
199 231 5 36
199 314 33 3
200 219 20 43
201 259 24 44
202 287 28 38
203 206 32 32
204 322 19 26
204 224 2 6
204 241 20 9
205 315 27 18
205 225 23 48
206 232 14 33
206 267 35 3
207 311 6 17
207 237 37 3
207 336 32 45
208 227 36 17
208 322 26 41
209 328 43 10
209 214 35 44
209 211 41 30
210 301 13 45
210 315 0 31
211 214 1 6
211 328 38 35
212 265 17 37
212 329 10 23
213 243 34 34
213 262 24 22
214 328 33 12
215 333 39 8
215 229 29 8
216 255 43 10
216 254 23 28
216 290 46 5
217 258 15 27
217 316 10 18
218 238 12 45
218 278 14 19
220 314 7 45
221 336 45 6
221 237 23 31
221 311 9 24
222 313 42 26
222 241 48 41
222 224 4 6
223 244 36 19
224 241 38 21
224 322 29 25
225 315 23 38
225 301 4 18
226 289 16 15
226 261 37 14
227 322 42 4
228 253 21 25
228 302 25 47
230 317 28 12
230 297 25 40
230 313 21 9
230 235 35 48
231 234 46 40
231 314 46 19
234 330 49 25
234 327 27 12
235 297 7 26
235 317 48 34
236 272 17 37
237 336 29 27
237 274 29 24
237 311 31 6
238 311 12 28
239 306 18 32
240 273 48 9
240 329 7 16
243 250 42 5
245 291 20 45
245 267 36 1
246 330 3 9
246 314 8 4
246 251 34 14
247 277 40 17
248 334 36 8
248 306 22 3
249 334 4 24
251 294 36 6
251 330 37 9
251 295 22 39
252 270 4 20
254 255 21 2
254 296 31 41
255 296 29 29
255 290 33 49
258 316 0 34
258 335 7 37
262 325 23 39
263 281 33 8
264 332 35 33
264 301 34 43
265 331 33 44
267 291 46 25
268 281 41 2
269 276 37 24
269 304 9 5
271 283 47 7
273 329 16 48
274 325 6 43
274 336 8 14
275 285 6 45
275 331 26 13
276 320 21 17
277 282 31 0
278 291 20 26
279 318 35 48
280 299 15 49
280 323 11 15
284 310 16 49
285 331 20 5
289 326 30 43
289 302 36 17
290 318 2 25
292 312 15 15
292 298 7 19
293 308 34 7
294 295 35 34
294 330 42 7
297 317 32 45
298 312 20 29
299 323 49 25
299 333 29 24
302 326 1 0
305 335 16 31
305 327 26 24
306 334 8 43
311 336 7 6
313 317 23 6
316 335 40 14
321 324 8 32
323 333 8 39
327 335 31 14
8 20 1 24
19 33 19 24
27 36 40 46
0 45 27 18
38 49 35 46
21 53 0 29
45 57 2 43
29 71 6 3
0 79 9 34
23 80 21 3
76 90 35 8
18 91 24 14
65 91 37 19
80 101 32 41
58 101 39 6
1 101 49 12
22 102 6 4
49 108 35 32
18 109 15 2
86 111 24 29
12 117 14 1
35 119 41 3
54 123 13 46
43 129 3 13
62 134 36 34
91 138 5 42
127 141 39 37
38 141 44 10
137 143 6 10
97 147 41 29
15 151 23 14
51 152 4 16
36 153 40 19
63 153 32 13
91 155 14 13
22 155 6 41
131 160 11 25
151 163 31 1
15 163 30 29
55 163 3 10
5 166 33 33
113 169 27 7
118 172 9 31
4 174 1 3
170 175 19 35
28 177 45 24
22 179 33 41
0 180 6 17
43 180 27 21
150 183 35 37
132 185 39 31
0 186 39 14
105 189 19 13
170 189 36 10
78 189 25 24
85 193 6 12
184 195 32 6
182 199 43 1
38 201 11 27
158 201 16 27
138 202 42 11
109 202 9 15
91 202 29 2
129 204 9 14
100 208 8 9
43 208 45 14
122 209 18 19
106 217 5 23
192 217 38 44
125 218 7 8
94 218 31 29
129 222 42 5
57 222 4 44
28 226 17 36
100 227 1 1
220 231 7 7
227 233 39 33
199 234 22 31
207 238 23 43
139 240 19 31
43 241 23 10
7 243 11 19
3 245 26 45
53 248 46 43
172 248 25 3
69 249 48 8
248 249 1 37
7 250 29 49
49 252 6 49
68 254 0 41
1 256 5 11
26 257 8 1
120 258 8 28
38 259 39 16
8 261 1 18
76 261 36 9
80 263 21 37
58 263 17 2
210 264 34 47
154 267 12 24
49 270 46 4
81 271 10 14
90 271 11 47
3 272 5 6
242 273 34 34
207 274 39 22
157 275 41 0
124 275 41 27
256 278 33 32
267 278 27 34
112 278 48 41
76 283 15 1
265 285 38 0
137 286 0 11
9 287 36 24
63 287 15 9
36 287 1 37
37 288 25 37
171 288 47 18
15 288 49 7
279 290 10 22
26 291 16 3
256 291 19 26
57 297 16 19
12 297 9 42
85 298 43 36
121 299 29 11
4 300 22 36
101 303 15 36
263 303 43 0
120 305 16 18
109 307 27 38
183 307 44 29
202 307 8 25
292 307 35 8
96 308 33 20
27 308 17 47
295 309 23 21
5 309 12 49
214 310 25 7
85 312 39 11
241 313 28 10
75 314 46 32
198 314 16 21
301 319 33 40
225 319 33 11
75 320 33 4
11 321 36 4
290 321 19 35
56 324 7 29
2 324 0 27
237 325 10 10
120 327 10 40
47 329 41 35