337 1030 90 281 249
0.031147361337206303 0.4025237905760114
0.09007559034362977 0.4975427006701715
0.629703022364917 0.06549727094377567
0.8644979958063631 0.41918396396386914
0.8953798434242068 0.6779127583609904
0.6344387748744804 0.6827949662884404
0.4430525999313444 0.20889485518551543
0.7567582765112917 0.47232920363138586
0.0890138796244625 0.47437702827933015
0.5117403411999116 0.5572779604391722
0.6292369767569067 0.8951859635179754
0.5853235378926012 0.1268735141717292
0.1785985457730992 0.21303550253421644
0.3803742705695208 0.01983948645832012
0.6426248837691975 0.38174573470702144
0.303271722043167 0.1612417111555562
0.11305195242371802 0.42229223411511485
0.6574276016661819 0.4799083313526443
0.9794661196432526 0.632829019471105
0.5419642435112473 0.5730505551119142
0.3315189664172009 0.1786180948559355
0.20162651748504423 0.9091308088807013
0.7896860954699496 0.7518376851284329
0.6031047328941428 0.41568798087823433
0.24726654622756006 0.6875299906503833
0.6232968000655399 0.8857443805862009
0.13229594186134164 0.6494885392286234
0.12664011417422316 0.7545825274870777
0.7052728240292243 0.7586743085775142
0.38149456715998675 0.4480942767835663
0.5970747379830587 0.8267886258397416
0.7196601329092294 0.6845686614841093
0.26116642878331675 0.17892044995077871
0.07846370038598693 0.8236991773312647
0.26517991908972083 0.40172375781721903
0.08145169453263301 0.5997547035760322
0.37917204172628427 0.2373710371860256
0.6115761993211749 0.35027296942808994
0.23134205697504484 0.7585667481529079
0.40986433104163666 0.15729941658140478
0.8967185071950802 0.9061946857546513
0.09291171462532088 0.15510778545119874
0.1603005094968437 0.44871143469877317
0.12414283495363232 0.6265036144057848
0.3533660936692885 0.4311878769633013
0.6966324126919577 0.4092254349286272
0.6001359920275714 0.22193898371521426
0.18938349056740966 0.5646227084530939
0.031708400949945315 0.3359721581024381
0.8443096111790527 0.22270312656908642
0.025156261516805833 0.31702242497749
0.5777700382674784 0.010807065284705208
0.8079059330385402 0.09373267671395902
0.38835819635986013 0.49757957371222217
0.8309915099087072 0.3905758368350104
0.6517457497537343 0.6395756970573782
0.15950724241788394 0.9704046256974659
0.7037353585010235 0.30474810182845335
0.754555218016588 0.7130545288377429
0.5042777722865728 0.565230210705605
0.928213748876915 0.7932135687524673
0.8480595444503558 0.6012427843763509
0.44152714855401953 0.5108122454437243
0.5413698888616826 0.7386146640593652
0.685244891089769 0.6484760962162458
0.20030627540007462 0.354323845667061
0.13401454979957805 0.5831217309713447
0.8419802919888784 0.1276280536971761
0.7969593639138961 0.76256702666383
0.23823667685385586 0.38876861781405403
0.7010477643069135 0.5730649400807165
0.08050007840494877 0.12289541800156045
0.5383891964750995 0.06995916474554786
0.36471536131290305 0.5237744021764141
0.48456657490756716 0.5211993159041816
0.046949427473328975 0.8600039300395346
0.852342550664149 0.22224237452098627
0.9430735479622997 0.8158793063071109
0.6835535643746077 0.5809058613167227
0.050046924731414255 0.39971009039510563
0.6017316002320704 0.04202758388406125
0.951673963015292 0.9743074887708567
0.24897075393928492 0.024325790544784898
0.7383089262830976 0.9575245212362518
0.41278186929766647 0.6756424867886028
0.9178336061624462 0.26514480088660464
0.5121554617526466 0.9177918665838815
0.12433485018044343 0.624080196071894
0.4567790104747598 0.9485249835522555
0.0412606511118484 0.47075154833193134
0.019332235080181337 0.09566045911484844
0.8474347764020174 0.2676909417574571
0.7680096025983869 0.6772205820557127
0.6671617966352839 0.7208179518824303
0.294896491847631 0.3114508083687365
0.959755606650235 0.5605058609400158
0.945551851399889 0.9418900310830852
0.5191762988536666 0.2614691717843889
0.5061264496545541 0.6951977009935548
0.771061949508411 0.3196662358301403
0.3365729146711587 0.5732335054779713
0.35229282981330035 0.47882589971696965
0.2519796707777753 0.8959236782944068
0.537328108839743 0.6048712990989179
0.048788444695344824 0.35773760691044443
0.9359055495484316 0.7434266154323672
0.9486300636738277 0.5381372734728777
0.028297318617168665 0.26375876968559
0.3897414196615636 0.7151511646534032
0.5271656335392283 0.8919179814167391
0.5344020643832931 0.8712631970715352
0.2591645052087823 0.866506665974151
0.5805556258729183 0.8520965248465918
0.244784352187998 0.412419644023736
0.4667580246106603 0.740911004502308
0.9215388618687832 0.22106246548770592
0.8418208550147963 0.6457221263822196
0.0034441602896178036 0.6499694301356903
0.23399495618790356 0.2608884107337618
0.2988424643045745 0.9104060565037027
0.19926551356887223 0.7613031040445538
0.9189738707672482 0.5984555728827383
0.854307128081976 0.8148654656410724
0.7013011152124395 0.5432526326952253
0.6068730753404357 0.7576955754763831
0.344444348297561 0.09544175430925761
0.08487049429106808 0.2665958072477813
0.7056838031146064 0.659601715431144
0.2350987074838209 0.18455141965994915
0.9473406406343601 0.4862916804742834
0.31360554564737464 0.5076013330229997
0.7349468367302564 0.48253858150017603
0.021842225322078357 0.925199479156728
0.48796737813559943 0.07399913333747632
0.3562744074090243 0.7212264841114087
0.7629391966754804 0.9576945863654591
0.8338335349823095 0.2890995095059188
0.20924291971841902 0.921129745530729
0.6315688278129831 0.9919685050114607
0.17932494965790347 0.7717721168223078
0.8360872034305424 0.6077750836975041
0.9980392322093964 0.8202810905674948
0.4368450359337769 0.1389896575122942
0.09987936381852558 0.29154110275000966
0.9170817263317061 0.3381319017796093
0.7282232867884407 0.4994668503021872
0.29716197245881215 0.9027179376692799
0.6573147268486941 0.6147125759611713
0.2673204983970271 0.9270674527457036
0.4455563857988182 0.37883158513651005
0.6102787003617881 0.8634423863874204
0.05779227456675684 0.17409621329005343
0.4589301833042774 0.9412784862119526
0.3046075985025104 0.44510247228209243
0.06026792376807133 0.7208093114245254
0.4382762539340531 0.5864477617053354
0.62395301846662 0.21617248689942337
0.4178377563062954 0.060183993683906145
0.5224011165197239 0.8131255784386039
0.8098867591627896 0.6874125896847544
0.5789891764185755 0.027789467870420248
0.027009999773237703 0.7703018867597765
0.43196215148115136 0.005375281440820667
0.6224071041251377 0.9439716128143486
0.9938454126210501 0.5416401041702997
0.6570831416804642 0.4321027791447176
0.839645222665705 0.324856181246455
0.7351023771666806 0.685796158224713
0.9518465461370432 0.042366813396685465
0.16274442703377856 0.22211561942972802
0.6261936159480795 0.9733417677997909
0.8290052768096725 0.8469175613415821
0.4994654739887544 0.6981336185829161
0.827737499814573 0.34598106431345665
0.5989352769050312 0.5946757298461505
0.5458253901615006 0.1591179478044391
0.032928481714541546 0.8636516159844864
0.9271421499190116 0.5138553737406303
0.4428718880114503 0.9267045760682903
0.8886383775922595 0.9884486273298168
0.6194519011137409 0.17574542866989473
0.41276188103294176 0.4983946540706864
0.7489770684581875 0.2164550495993407
0.6695111137381227 0.25628200848060523
0.6007662294972888 0.9453680272982045
0.6317756866379926 0.34172609770805107
0.5923605950831824 0.02746229609634465
0.0392190919322255 0.13630351327209644
0.0765842606210535 0.5999689488074451
0.23881029095915474 0.027812200798536857
0.3829544290456459 0.31815525592322447
0.38421249229703325 0.46884970604988574
0.11566918515762747 0.18012325714325472
0.7115888918720127 0.6866143019494944
0.9613770220517527 0.920205352385939
0.1259868406202992 0.08399891440468343
0.7921591587294218 0.14432676103962994
0.1303130425595327 0.6464616694473555
0.1626320965435275 0.7957449391180818
0.2080149041177446 0.4748203106899963
0.39480433261171655 0.985863916559773
0.13093340346277538 0.9010325618865858
0.3202980979879002 0.7023614071963271
0.3053956990505027 0.512188260898956
0.4067728376779308 0.41565505444657014
0.19246620248111102 0.8073530500994285
0.43386469994212606 0.1447737205577797
0.042377204146392455 0.14256763379477155
0.10368179865214866 0.11498847337160012
0.6685111722192086 0.08122049468703818
0.9718724780761622 0.7420969897259921
0.7529086622436469 0.26017657157727825
0.8675097574824582 0.31204432970485163
0.22312739245444657 0.4064573254803526
0.5335120518718088 0.38960196417641346
0.5693791162602253 0.19493313768637766
0.5640466499553654 0.6861161256643679
0.5812234250202021 0.2244017862633022
0.8413389964437208 0.8438752843160333
0.8746980395555906 0.5075916054173621
0.5815376324084527 0.353436271982582
0.7536177147932541 0.5200416561651565
0.7877606667399067 0.6102867848121155
0.40287469933750386 0.03347522763201427
0.37817702932141484 0.9385118622246875
0.14692575573946365 0.6711974247900924
0.5079513185232071 0.26167032354413866
0.5232521057301343 0.36621122888873026
0.6361086315874148 0.9848769486312927
0.21843007766235367 0.6771608207320715
0.7018515864349817 0.5671241969458379
0.49355220750777784 0.22287465910988247
0.3695885491896691 0.2091676875887013
0.5860895153558495 0.3331954015111135
0.6779088302023679 0.05983732543882192
0.7168881051540986 0.38194708107766984
0.58496691514043 0.3524262348171371
0.7538436891459314 0.16730494811685814
0.8412143571362778 0.9228477242100761
0.2879001285157 0.13549642540286566
0.34014478596830444 0.632540242667992
0.8623693894904588 0.20567648395421223
0.5986938457169781 0.32163924186915016
0.36317140814890736 0.4469844695454501
0.30116224503843525 0.05172348944312721
0.12544471266553237 0.8832035049147827
0.9040073434928718 0.5624830151821153
0.14107960136405595 0.256107700836832
0.14357421045367535 0.06294458998485575
0.8620773794373302 0.665496337226438
0.914814918220165 0.7054297043744759
0.4862409608597098 0.6220784894692238
0.3962700506788296 0.3492094441095053
0.2845534488262357 0.19878538116805355
0.48506425351265214 0.5108589646507015
0.4837028332563985 0.6467521004338769
0.5753932339646133 0.7196042007698373
0.4525628067081292 0.05412377732217444
0.4649566032054293 0.8484921215650156
0.45804097658797627 0.36900644802199833
0.7060175542976554 0.3760044466732826
0.05355739549049909 0.382295529124131
0.031246971018674574 0.9477747964637522
0.24251797032470224 0.07178027833224898
0.5792355862584906 0.05435737488953063
0.9194987657739224 0.04583547681930911
0.5205353097049166 0.11853499514849775
0.7334588462158265 0.6931764822329688
0.34231638090044647 0.7944428135377848
0.44015087898366834 0.04456744715975702
0.48820447960605806 0.8208236816518133
0.015000235877524304 0.2830365744003156
0.2695878985691764 0.3420196242180623
0.28307474933255306 0.3010665939722166
0.9656615000332576 0.21284353653926913
0.5893693645796365 0.6963924671857595
0.8117011237205191 0.437263521640203
0.08048077214341387 0.12245233588514892
0.13853825807902853 0.5558724075395238
0.49784912010183435 0.9652021635299842
0.2709315141186287 0.4934026527516131
0.9930954833545244 0.9049181075125192
0.9185080220101423 0.10508759150043856
0.3675851908365404 0.039775162400511266
0.7001744239982511 0.4194572028842468
0.3111984854776081 0.8974042037220392
0.1313737524873433 0.3651973586154077
0.6693920459016064 0.841294223321841
0.8732906527619912 0.590989270364301
0.5029861134684201 0.09081992583505116
0.29408483443194555 0.8397856865545441
0.7217134459662761 0.8168395442457472
0.4244581851017394 0.2227691951487415
0.3704181643754195 0.5492213168363347
0.20333815573008962 0.6532768017094149
0.22589413089356292 0.4383215150427784
0.504186713699359 0.6472647095920058
0.22270352661902537 0.7493506124846316
0.8084199246267328 0.6744254281307412
0.3679187379810206 0.33672855534802093
0.5496509135382539 0.2528590447529374
0.22758135314194283 0.7449439412713297
0.09094448727628113 0.020239333917177027
0.7717742765280704 0.013096087283468338
0.01699884291408138 0.08570429329006912
0.35055397936150157 0.22221312444662056
0.9241463957408992 0.06924009798632047
0.8395923093694102 0.31760290592089124
0.17329165624306664 0.36911622941053757
0.5422275670628216 0.7629082506216021
0.134381816540057 0.3629686199308507
0.263727412971831 0.13820136308600162
0.29573089199747415 0.44441704338293897
0.08391704024219582 0.881366928319705
0.23749592492312066 0.024641482155456362
0.7459275526439028 0.9901872771905177
0.8758297816370153 0.8871319005067636
0.25167139089705304 0.6519566302155936
0.5727118757796441 0.5738643815236439
0.20875323502849852 0.4481163348702122
0.6761843734791677 0.8024458789062688
0.7088756451004095 0.9933163677110467
0.8066984359434259 0.2663090451838983
0.03440151401187552 0.611472666147551
0.7375012824556357 0.5538272928989738
0.28758572381836334 0.9258039978272606
0.03047174214511772 0.3372596615397676
0.11609079579786752 0.045496187533651034
0.68353788204967 0.4287238743502505
0.06875251116028402 0.36855518499624207
0.9217879489944826 0.7779352782862476
0.7571630780744513 0.8885750280875148
0.9216112799748971 0.9952379603252255
0.9214912527615408 0.2925605954022147
0.6956829241510851 0.5234942506311032
0.7030597403845977 0.06760892504211591
0.5863326613001784 0.15368677946985587
0 79 13 12
0 261 41 30
0 104 13 13
0 329 46 30
0 326 43 11
1 8 40 19
1 89 19 23
1 278 15 36
1 16 45 19
1 42 38 25
2 80 12 30
2 209 40 5
2 234 17 45
2 264 22 5
2 186 35 41
3 54 21 7
3 276 42 5
3 173 24 17
3 219 28 25
3 144 33 30
4 250 17 28
4 249 6 40
4 116 44 27
4 105 8 0
4 121 3 41
5 55 36 39
5 275 21 7
5 93 2 16
5 64 8 48
5 256 29 36
6 292 11 15
6 231 49 30
6 39 38 47
6 206 24 46
6 36 38 20
7 131 1 41
7 145 28 42
7 221 33 12
7 276 45 39
7 284 29 11
8 89 35 15
8 16 26 35
8 42 26 15
8 79 3 42
9 59 22 1
9 19 19 8
9 74 48 21
9 254 32 46
9 103 39 35
10 25 28 46
10 150 30 11
10 163 6 6
10 184 5 34
10 112 37 0
11 336 30 48
11 175 1 4
11 180 39 49
11 266 27 27
11 215 24 6
12 169 43 17
12 247 37 3
12 128 33 46
12 192 14 33
12 118 7 4
13 283 13 49
13 223 21 39
13 162 40 6
13 157 21 11
13 269 42 21
14 185 29 6
14 37 43 7
14 23 48 46
14 165 15 20
14 45 37 23
15 239 42 44
15 20 18 43
15 253 39 40
15 32 0 6
15 311 43 33
16 42 26 30
16 286 27 25
16 310 28 25
16 79 7 3
17 165 24 25
17 328 32 47
17 334 25 20
17 145 28 23
17 284 8 35
18 121 1 23
18 95 45 13
18 164 22 47
18 250 43 44
19 318 17 1
19 103 27 20
19 59 19 42
19 174 1 32
20 305 18 8
20 232 8 35
20 253 29 12
20 239 10 45
21 137 24 7
21 102 34 46
21 148 36 34
21 201 15 48
21 111 12 1
22 68 1 7
22 58 22 13
22 159 26 39
22 92 8 15
22 298 11 48
23 165 27 16
23 236 26 24
23 220 40 41
23 37 42 2
24 229 40 11
24 317 15 48
24 294 10 8
24 301 28 18
24 297 8 0
25 150 19 19
25 112 40 19
25 163 36 27
25 184 35 25
26 197 24 6
26 43 15 8
26 225 49 10
26 87 20 21
26 66 2 40
27 198 45 19
27 139 7 0
27 120 29 43
27 154 17 19
27 33 44 29
28 320 36 17
28 93 3 35
28 291 25 11
28 58 22 39
28 267 36 20
29 243 17 43
29 191 31 12
29 44 44 38
29 204 19 11
29 101 8 43
30 112 35 9
30 150 22 45
30 124 46 8
30 287 34 21
31 193 48 24
31 167 35 47
31 267 36 48
31 127 38 2
31 58 14 38
32 128 5 31
32 253 28 16
32 311 16 36
32 239 35 46
33 75 1 4
33 313 13 49
33 176 11 9
33 161 44 33
33 245 14 41
34 113 22 40
34 69 28 21
34 213 39 2
34 312 16 18
34 295 11 45
35 188 27 45
35 323 32 24
35 87 23 24
35 43 9 43
35 66 35 28
36 232 43 9
36 305 3 34
36 292 6 20
37 185 32 16
37 236 43 21
37 220 49 19
37 233 41 46
37 242 40 23
38 297 28 10
38 301 1 38
38 120 46 17
38 139 36 0
38 205 22 48
39 206 2 15
39 142 42 12
39 232 41 7
39 292 37 42
40 316 19 38
40 238 42 0
40 96 6 31
40 194 12 18
40 179 22 6
41 192 22 31
41 71 36 7
41 277 32 41
41 151 15 34
41 208 18 47
42 319 30 22
42 199 3 38
42 295 43 3
42 213 0 40
43 87 48 38
43 197 18 15
43 66 5 38
43 225 25 23
44 243 9 16
44 101 21 5
44 191 0 19
44 153 11 47
45 284 28 23
45 328 18 30
45 235 37 13
45 260 42 35
45 165 1 9
46 217 21 48
46 156 39 33
46 215 12 49
46 180 0 39
46 300 41 1
47 278 23 32
47 66 46 49
47 87 45 36
47 294 27 37
48 326 45 5
48 50 45 3
48 104 18 38
48 329 44 3
48 261 11 20
49 76 15 8
49 241 21 33
49 91 25 47
49 322 44 13
49 136 29 8
50 326 30 8
50 271 12 41
50 104 18 18
50 107 29 13
51 160 38 32
51 186 16 42
51 80 37 31
51 264 34 40
51 72 3 1
52 67 30 1
52 196 33 4
52 303 8 3
52 237 31 9
52 335 17 16
53 181 3 48
53 191 24 41
53 73 24 17
53 101 39 43
54 173 13 3
54 276 33 25
54 166 7 46
54 307 45 27
55 147 21 29
55 64 19 38
55 127 24 20
55 78 48 42
56 137 18 13
56 201 49 0
56 245 15 43
56 148 42 21
57 183 29 49
57 211 10 43
57 99 43 13
57 260 2 26
57 235 10 32
58 267 31 39
58 167 9 32
58 92 3 31
58 193 26 48
59 74 41 27
59 103 13 35
59 254 20 24
60 330 49 27
60 77 14 33
60 105 43 3
60 210 30 6
60 141 16 42
61 140 17 38
61 288 29 18
61 116 15 14
61 222 36 45
61 249 20 31
62 181 38 15
62 254 28 31
62 74 10 17
62 191 27 30
63 309 0 34
63 256 6 5
63 98 46 23
63 216 26 36
63 172 13 20
64 127 48 27
64 147 36 22
64 193 0 21
65 308 42 16
65 69 16 36
65 213 10 1
65 310 29 1
65 286 2 16
66 278 6 20
66 87 28 4
67 196 6 25
67 282 8 3
67 241 44 33
68 159 29 37
68 122 19 13
68 298 5 12
69 213 40 3
69 113 8 42
69 295 37 23
70 230 41 2
70 78 41 0
70 123 18 34
70 324 3 24
70 334 26 8
71 277 13 14
71 208 13 34
71 207 11 12
71 187 1 7
72 289 28 35
72 264 31 11
72 133 39 21
72 266 35 47
72 160 38 21
73 293 25 8
73 101 9 26
73 130 45 40
73 181 28 4
74 254 26 25
74 181 33 34
75 176 11 16
75 313 36 32
75 132 37 18
75 245 45 25
76 241 45 22
76 91 34 19
76 322 27 7
76 115 23 8
77 330 31 19
77 141 0 9
77 105 39 4
77 210 30 38
78 230 0 42
78 123 19 3
78 147 27 19
78 334 4 37
79 261 17 45
79 329 4 17
79 104 48 36
79 326 15 36
80 186 5 2
80 264 49 46
80 160 8 46
81 96 21 28
81 332 34 9
81 194 28 47
81 179 7 21
81 281 47 15
82 189 8 28
82 314 17 7
82 263 40 34
82 244 9 35
82 248 14 20
83 135 34 22
83 315 15 11
83 321 24 5
83 331 40 16
83 228 28 45
84 108 0 43
84 134 44 49
84 255 47 27
84 240 8 12
84 114 44 19
85 333 0 11
85 115 14 37
85 212 5 45
85 91 33 17
85 274 15 20
86 109 10 39
86 279 29 42
86 110 9 22
86 152 1 25
86 88 16 2
87 197 21 48
88 152 11 13
88 178 25 17
88 279 1 23
88 200 32 16
90 304 36 42
90 187 6 15
90 207 20 44
90 277 27 19
91 136 5 27
91 322 41 11
91 212 34 46
92 167 23 10
92 267 44 27
92 298 23 12
92 159 49 46
93 193 21 42
93 124 2 40
94 273 9 1
94 272 5 32
94 299 45 46
94 118 27 22
94 190 37 9
95 106 43 33
95 164 22 8
95 121 47 23
95 246 12 38
95 177 49 16
96 194 46 28
96 332 5 35
96 281 31 36
97 226 10 27
97 300 23 13
97 231 36 43
97 217 17 33
97 215 44 44
98 172 11 25
98 296 32 19
98 255 18 19
98 216 7 2
99 211 10 15
99 173 49 0
99 322 47 44
99 307 25 49
99 166 42 31
100 293 33 9
100 240 28 1
100 203 29 45
100 130 23 18
101 191 8 31
101 243 38 37
102 111 22 7
102 148 19 41
102 146 46 24
102 325 12 41
102 119 20 41
103 318 3 18
103 296 47 26
103 251 38 2
104 329 46 42
104 261 24 18
104 326 42 31
105 210 0 25
105 330 45 2
105 250 16 3
106 177 2 40
106 164 30 23
106 246 34 42
106 129 13 47
107 271 37 23
107 126 24 8
107 326 47 48
108 134 8 14
108 202 8 23
108 114 12 1
108 268 11 11
109 110 14 32
109 112 0 16
109 258 28 45
109 279 11 25
110 112 30 2
110 158 32 9
110 270 17 23
111 290 24 3
111 146 35 6
111 119 20 44
111 285 1 28
112 150 16 39
113 213 43 14
113 295 11 6
113 319 31 24
114 172 38 0
114 309 27 0
115 274 46 1
115 241 48 43
115 333 46 40
116 249 25 22
116 140 45 41
116 298 33 36
116 159 6 10
117 323 10 41
117 188 13 12
117 154 0 13
117 161 2 23
118 273 19 35
118 128 10 18
118 253 31 27
119 146 47 26
119 285 47 6
119 325 7 14
119 148 10 43
120 139 33 37
120 297 13 1
120 301 26 6
120 205 14 18
121 246 3 2
121 288 8 5
122 218 36 16
122 171 32 37
122 316 26 27
122 330 12 44
123 334 0 8
123 230 33 35
123 324 47 9
124 256 29 7
124 275 15 22
124 309 13 25
125 283 31 35
125 244 38 23
125 239 5 23
125 157 3 19
126 143 21 25
126 247 14 15
126 271 37 20
127 193 7 24
127 167 8 47
127 267 12 33
128 253 17 21
128 311 15 44
129 177 25 15
129 164 1 10
129 219 12 12
130 203 47 11
130 280 25 44
130 153 4 9
131 145 24 35
131 221 19 39
131 334 45 45
132 262 3 10
132 176 48 49
132 313 28 27
132 201 28 37
133 289 21 21
133 257 23 29
133 266 47 4
133 269 7 14
134 202 9 36
134 268 19 3
134 240 18 13
135 315 24 24
135 321 43 30
135 331 40 24
135 238 23 6
136 307 42 40
136 322 19 6
136 166 49 46
136 212 45 21
137 148 28 23
138 228 7 24
138 170 48 3
138 163 20 48
138 184 27 40
138 321 39 16
139 198 33 39
139 205 21 16
139 297 29 24
140 288 19 30
140 222 8 49
140 249 35 35
141 210 10 17
141 281 40 4
141 330 38 0
142 206 15 2
142 157 31 18
142 289 20 42
143 247 0 10
143 310 19 44
144 333 44 34
144 212 41 12
144 166 27 8
144 307 5 14
145 221 16 4
145 334 6 17
146 285 40 37
146 325 36 18
146 148 37 4
147 174 16 21
148 325 45 21
148 285 14 3
149 259 22 46
149 204 18 39
149 252 43 32
149 227 17 48
149 190 46 41
150 287 29 17
151 207 13 48
151 187 27 29
151 277 12 6
152 178 22 37
152 279 39 1
152 200 42 24
153 312 27 33
153 243 45 17
154 161 46 20
154 225 3 39
155 251 1 31
155 255 46 17
155 293 39 1
156 180 21 48
156 217 38 29
156 215 33 37
156 183 27 30
157 269 46 42
157 223 36 18
157 257 47 7
157 283 20 4
158 270 4 44
158 309 15 35
158 258 1 33
159 298 42 18
159 249 2 0
160 186 28 30
160 264 18 41
161 176 4 22
162 269 44 34
162 223 3 14
162 257 27 46
163 184 28 24
163 170 21 2
163 228 5 44
164 177 9 46
164 246 45 42
165 328 22 43
165 284 7 16
166 307 24 45
166 173 21 1
166 212 20 11
167 267 3 47
167 193 27 11
168 265 36 19
168 306 7 16
168 282 23 16
169 247 19 32
169 192 33 40
170 228 41 29
170 184 42 3
171 218 29 34
171 316 6 35
171 238 47 10
171 331 3 19
172 296 4 17
172 255 36 34
173 307 29 34
173 212 43 36
174 318 41 36
175 336 46 38
175 215 6 32
175 266 18 49
175 217 43 8
176 313 17 7
176 262 2 36
177 219 34 44
177 246 7 11
178 224 20 42
178 279 40 7
179 332 7 2
179 238 13 8
180 336 14 40
180 215 12 44
181 191 39 21
182 211 20 49
182 237 24 1
182 322 22 31
182 196 18 22
182 183 33 12
183 211 32 30
184 228 19 13
185 242 30 39
185 233 10 8
185 236 4 22
186 264 26 27
187 207 15 7
187 277 44 7
188 323 11 45
189 314 44 42
189 263 45 31
189 244 33 23
189 248 1 6
190 299 5 15
190 252 34 9
191 243 3 26
192 208 4 24
193 267 40 30
194 281 47 44
194 332 38 19
195 248 40 14
195 208 46 42
195 327 25 36
195 277 4 8
196 237 45 10
196 241 2 11
197 225 18 20
198 205 40 37
198 297 44 35
199 319 26 46
199 295 14 16
199 280 33 45
199 213 6 36
200 224 2 26
200 279 32 27
201 245 12 0
201 313 7 32
202 240 5 4
202 317 2 33
203 280 13 48
204 243 7 2
205 297 3 23
206 292 42 38
207 277 30 33
208 277 49 46
208 248 14 18
209 234 12 48
209 335 40 44
210 330 30 44
210 250 21 37
211 322 15 26
212 307 30 12
213 295 41 21
213 319 30 12
214 227 42 13
214 220 30 0
214 236 34 9
214 233 22 15
215 217 27 12
215 336 12 38
216 275 22 25
216 256 41 38
217 300 20 43
218 316 36 5
218 238 17 25
219 246 30 30
219 288 9 22
220 236 46 41
220 233 39 12
220 242 8 4
221 324 49 44
222 298 15 49
223 283 14 8
223 269 42 23
224 285 14 24
225 294 24 49
226 231 0 0
226 300 26 26
227 236 38 27
227 259 30 0
227 233 28 34
228 321 9 22
229 294 28 30
229 317 12 12
229 301 12 11
230 324 46 29
230 334 24 39
231 300 17 26
231 292 44 4
232 305 36 13
232 292 9 27
233 242 36 16
233 236 16 17
234 335 43 25
235 260 32 25
235 284 23 15
235 328 1 23
236 242 11 6
238 316 30 24
239 311 2 27
239 253 0 37
240 293 5 36
244 263 41 38
244 283 30 0
245 313 7 44
246 288 21 21
248 327 47 23
248 302 26 22
248 277 48 2
249 298 4 22
250 330 43 42
251 255 17 5
251 296 29 30
252 299 20 3
252 259 36 20
255 296 2 7
256 275 38 15
256 309 4 5
257 269 4 5
258 270 35 13
260 284 33 44
260 328 2 13
261 329 18 14
261 326 6 49
262 313 17 14
263 314 30 44
263 311 49 19
265 306 3 13
265 282 16 22
266 289 7 27
268 290 24 40
268 285 10 41
270 309 16 48
271 326 4 40
272 273 39 19
273 299 12 48
274 333 10 25
280 312 38 36
282 306 46 38
284 328 2 14
285 325 24 31
286 310 10 46
286 308 36 24
286 329 8 39
287 320 33 29
287 291 43 33
291 320 49 36
291 331 26 7
294 317 18 40
295 319 10 38
297 301 10 22
302 327 39 41
302 304 15 40
303 335 35 36
308 310 34 35
310 329 4 31
315 321 19 1
315 331 45 42
324 334 14 2
326 329 42 27
4 18 22 5
25 30 19 19
20 36 42 3
43 47 46 38
29 53 21 32
21 56 0 49
53 62 23 14
31 64 48 40
49 67 29 41
58 68 32 27
0 89 37 8
79 89 10 42
16 89 29 41
71 90 32 13
31 93 34 43
73 100 31 15
48 107 16 28
98 114 2 11
63 114 21 41
35 117 34 10
106 121 48 2
60 122 25 41
63 124 11 13
15 125 31 1
50 126 46 47
15 128 11 29
95 129 23 0
101 130 46 18
123 131 0 30
102 137 20 23
111 137 19 4
6 142 45 8
107 143 10 16
50 143 41 7
85 144 44 8
123 145 16 37
70 147 31 23
71 151 42 8
101 153 46 48
34 153 12 26
26 154 17 41
59 155 30 44
62 155 14 25
112 158 19 47
58 159 14 4
75 161 28 2
27 161 35 21
157 162 12 29
91 166 38 43
67 168 3 47
52 168 23 31
118 169 35 25
128 169 7 44
10 170 46 44
136 173 36 27
103 174 39 39
55 174 13 27
86 178 34 7
96 179 35 16
29 181 0 16
46 183 11 0
87 188 17 25
43 188 9 4
66 188 16 40
36 190 41 9
151 192 23 6
71 192 23 0
71 195 40 36
66 197 47 13
120 198 15 49
178 200 47 38
137 201 14 23
24 202 42 10
101 203 23 36
73 203 22 22
153 203 9 5
44 204 31 5
191 204 34 44
157 206 29 26
41 207 43 15
80 209 27 24
186 209 12 44
23 214 37 19
172 216 39 13
180 217 5 36
40 218 34 6
106 219 26 12
185 220 45 7
123 221 34 49
116 222 11 37
92 222 47 18
88 224 3 25
152 224 32 44
87 225 3 36
217 226 9 49
6 226 14 1
220 227 4 44
225 229 4 37
80 234 19 41
186 234 15 24
14 235 6 27
211 237 33 43
67 237 26 43
91 241 24 49
21 245 30 12
192 247 39 28
249 250 7 26
59 251 22 31
204 252 49 22
181 254 38 0
103 255 24 3
223 257 0 20
110 258 7 1
178 258 38 31
204 259 19 18
214 259 30 44
14 260 48 32
75 262 15 46
201 262 39 45
67 265 38 13
52 265 31 22
202 268 22 5
109 270 19 40
48 271 1 25
69 272 44 19
34 272 16 42
65 272 15 28
65 273 37 29
241 274 43 11
76 274 46 48
63 275 21 24
131 276 26 24
173 276 5 11
87 278 37 45
35 278 40 33
43 278 39 14
153 280 49 48
40 281 49 22
52 282 41 12
102 285 38 12
25 287 14 35
10 287 3 8
116 288 2 39
257 289 24 25
269 289 11 18
285 290 21 31
146 290 16 48
102 290 24 1
68 291 25 36
53 293 40 20
181 293 31 35
130 293 22 48
26 294 45 32
58 298 47 30
204 299 29 5
149 299 8 45
215 300 6 21
139 301 8 29
195 302 37 5
208 302 8 22
234 303 31 6
209 303 37 46
196 303 3 10
187 304 18 32
207 304 40 35
277 304 19 28
71 304 2 19
253 305 41 16
292 305 37 27
67 306 47 27
52 306 48 34
91 307 49 29
213 308 4 32
69 308 20 35
98 309 9 31
253 311 15 7
44 312 23 5
113 312 3 17
244 314 0 48
248 314 11 19
228 315 32 26
240 317 5 27
9 318 28 28
59 318 43 27
93 320 47 48
124 320 0 1
307 322 47 38
87 323 3 9
43 323 45 1
208 327 45 42
277 327 22 25
238 331 22 34
40 332 14 20
212 333 11 6
91 333 7 23
2 335 1 27
80 335 40 41
46 336 39 47