263 795 190 255 242
0.877126368955687 0.2414909886955191
0.49464634805527274 0.7349017356226338
0.43724188655152163 0.9298813018298232
0.8614479620104104 0.5045282503634458
0.5619923752981769 0.7469200570345904
0.3500912679827959 0.46074891588538214
0.11786057984774179 0.8383578249742389
0.24319071354236377 0.6376860202877496
0.6315415497117531 0.2198968905357811
0.6958325943841094 0.5800123169312629
0.4165655915604066 0.6651575362255168
0.10327793210110636 0.7086036700767712
0.9752710672374928 0.40037364087142957
0.40229439674662326 0.8075726537519108
0.8806248986035412 0.5937632980979956
0.18102569126711088 0.26369475030536815
0.7847721937013217 0.5777148914571187
0.7428146718730333 0.592559732889682
0.5498287965693046 0.8483753755046578
0.9461542948871912 0.345350614421588
0.7513134095365112 0.14992179842550057
0.7259483012738072 0.7059731564559314
0.9657490632024434 0.3697431320251491
0.6905212258946117 0.9603290435729579
0.32134601285254705 0.545954402900529
0.08432538600227002 0.5478465003017784
0.7643113046141484 0.020110598406098967
0.7080499790901035 0.5899518234653993
0.3732132818422086 0.655683182091083
0.09584574938280954 0.6309862881114054
0.8399612681665726 0.08680707208233895
0.36363577881320563 0.8241427309979078
0.9283445634660471 0.16200152139586244
0.662991429988127 0.9483167292853594
0.3197068782600375 0.10401392513406305
0.1018098716120579 0.45133715372285443
0.760215390857846 0.4196298248612522
0.3260377541503776 0.1808619223635084
0.8353168460094141 0.26223911474465444
0.6959430148614507 0.5862943602907917
0.014354944236186107 0.7751428046230047
0.13594490721967745 0.9533962459859657
0.8319573780737035 0.9250301339899692
0.2887701420099019 0.6678440696127137
0.20268229304182528 0.47275141918207664
0.5627107195146863 0.5947946912956994
0.9015480814944651 0.02245730680573288
0.025016817954987336 0.408598180436463
0.18545224979827835 0.5403700549217352
0.8649662061991358 0.11011396953984331
0.37911831413563535 0.34089817241442033
0.32690902564343705 0.028659182410361805
0.004092593790269938 0.3005009348063291
0.5965950017121068 0.3214359178054351
0.6904453532518661 0.9786544681775048
0.11334762010154453 0.35535641580456556
0.678213532310352 0.4004665498345178
0.17615799701792423 0.3845043719227209
0.18925552001921797 0.4869327765294119
0.5135285067046599 0.6210412613789618
0.3300706583794566 0.5065214042833576
0.6949044618645073 0.1381867388991076
0.47226946119198265 0.46572036731080513
0.8757898575395742 0.04097285225120395
0.24976305500263773 0.0563745483188709
0.3891506548422371 0.9937914602686485
0.4103731504025637 0.634087129794186
0.1224676238342407 0.5033252625938356
0.764447216269909 0.7146539133380192
0.4528075834117914 0.32127272538000984
0.3841952812769689 0.6444451182688545
0.7515407104627054 0.9533475340460958
0.024848606726780798 0.4258438565624769
0.11583874532965288 0.5393537377665133
0.46237295015896906 0.1602968662485339
0.035846779927049544 0.3037078299454856
0.07235155167614804 0.2092270122055141
0.16442949128800133 0.36659949874043185
0.5107864868799911 0.9670037323983841
0.22065020828640647 0.9530528621978517
0.7999492574843896 0.09036187808412854
0.32864889235175854 0.9404706721254542
0.4710446682661288 0.13510538109064474
0.7703433616005356 0.24481393304513077
0.6703347067073939 0.8136271977448308
0.21338556574498135 0.7613896954351712
0.2965018210198499 0.5057220406652413
0.965062350279564 0.4482907887035744
0.304414160054148 0.23036464893160957
0.6983387970547897 0.6688501873214379
0.2840878176997834 0.017570247423824403
0.39799867577653847 0.0940446494833389
0.3035240472565064 0.507150712199965
0.9828459728207674 0.30660121148123687
0.7902323457762976 0.6451238301922844
0.1741877705522057 0.7456313972954249
0.9186328522029074 0.5487294316712166
0.7013276541274446 0.7839374989999611
0.5691646695530894 0.9674509999424045
0.8615560469143412 0.5397065012236868
0.4298090798784565 0.28013672566413284
0.7851317745543752 0.49012669013084054
0.2218700786679796 0.6372591279443399
0.4950073439023339 0.07653269932079887
0.3492365751930203 0.6825482795730554
0.9965576747032294 0.2690052711831378
0.4939844441288115 0.2696781141934892
0.1843302164559939 0.49292174163441993
0.8110584526031018 0.7273814477615678
0.3108420005487985 0.4107741259578058
0.41090781482732697 0.5203139072317053
0.1267073062165791 0.7996415926020494
0.7613309438620435 0.6031830254775269
0.5718868574583661 0.168024922917816
0.48841878096072144 0.3721032484697637
0.074607962527524 0.8153200029400463
0.8113682663421382 0.8798338316485689
0.09751218007111684 0.753028920633523
0.5070702765334303 0.9005009115583932
0.5598454647415781 0.2788761844414336
0.8677599012195812 0.5046014196715224
0.1600131345651329 0.02331915191995293
0.5886485846217527 0.03653077068510768
0.4245800218524166 0.9725112370376353
0.9023415851315162 0.774572326441421
0.5178039845124242 0.31259712962212816
0.5629764485418631 0.09723178207962979
0.4600487440952368 0.9372892925067675
0.4754009054072109 0.6799946477423243
0.4239296466314776 0.11399587638092068
0.8633418216358166 0.10303042867198076
0.20380414251401513 0.11333985282027903
0.875399316572678 0.2630629388415052
0.7872261962744168 0.5727298029373582
0.43883315136552015 0.15157045141570746
0.19624191155568393 0.9867132502576585
0.9884912521639362 0.8866758782319273
0.4119113924960641 0.9951632894619404
0.42186287199030637 0.36753146937438597
0.24719961774412558 0.07492007235945264
0.2611221122953261 0.5576985369023755
0.4913868923239312 0.8313287850395314
0.5391599493640166 0.19796769206348064
0.5134075486831442 0.33318590515360735
0.3689858531721395 0.699260279676032
0.7820329186026238 0.837926108433032
0.5045130105661992 0.07269772264867203
0.4375727270431238 0.8134526624084698
0.4556238323341071 0.016619448092864753
0.13277692437181776 0.3788336683988506
0.8815452073771356 0.6992770652746646
0.8498774555392417 0.1581578916003663
0.05394604560093541 0.3511262760597148
0.29621750243903 0.07016336863376416
0.1548020408374936 0.5120842531692009
0.7826737775355558 0.7608228251601945
0.05395591031753777 0.6668151802928681
0.19708459881860352 0.22689001248373375
0.9974334821668366 0.04505203943293978
0.7991549734136754 0.6754811711839724
0.3299598575300213 0.5641577799194524
0.08381746496264475 0.8180869650436854
0.9737514012149506 0.2475749620406953
0.8867852016688521 0.606979225907268
0.8905432229662013 0.9655075711956058
0.23904159371984657 0.887798716415469
0.16494406240331128 0.013124285380441858
0.21626888915993903 0.5641788476430367
0.6645933492744148 0.8667680363908514
0.17472567906716474 0.648582051598941
0.45622825974639913 0.44010172671312786
0.3168408528161849 0.008094582287944463
0.28665123293221617 0.29981498613675694
0.4878001947275684 0.7047468805653151
0.4737209328665688 0.5944633200569904
0.4686583921488622 0.5769960852159355
0.4948733062815581 0.9002045343096997
0.8020184305531569 0.11232812851392449
0.4093111261648278 0.7936444757021287
0.36307678935611165 0.7205071371147005
0.004884054802688942 0.7246980337370411
0.471841708446733 0.23281967280631244
0.22181376798277785 0.6813174761003158
0.33158929990681085 0.8247324656390305
0.972801171842083 0.2131351110262093
0.9741295198435772 0.5877018234363438
0.9526864373918802 0.6125128612165811
0.6942129884354613 0.6604436927884546
0.41071419677579046 0.4391861958612191
0.16341625437244944 0.17079353469592995
0.1445903048726549 0.11863584722999454
0.028101619493772656 0.2363555230255977
0.1678981823613318 0.04451546699928988
0.8165555373890448 0.9254605543224163
0.6010766752902965 0.4719088814928951
0.4071666972206185 0.38952366340601174
0.3410432702043005 0.5008860051928645
0.14251355542828636 0.3437107201389673
0.9756800586589943 0.6187718129121239
0.9134883030602952 0.6948954491748833
0.22678181695034316 0.5947377697958837
0.18309245432390553 0.3942077669361893
0.9286995025752439 0.0017708775190515835
0.971296564820439 0.5260445841449874
0.17979401718390797 0.27877030103832745
0.28036525609692176 0.23623490576039197
0.8399489851525703 0.03946756861002665
0.30430523483618 0.3491212151804466
0.9897734346764334 0.2850606976726541
0.03660343151553347 0.4266391881794399
0.31575829686414203 0.28389886689551613
0.5671785160056906 0.5820486383419584
0.6405336189333631 0.1442488241302119
0.44247832855887226 0.5767882529677213
0.9785057540180819 0.5251200117982769
0.951912486803837 0.6009977442593415
0.5645371814297598 0.505320483155769
0.09931789916093903 0.6665704305282831
0.2769638369958267 0.3623609689638603
0.31991240560012535 0.7261706418480932
0.7561282626147413 0.9005199790670133
0.7111997680049785 0.4724695566245002
0.3057390289231148 0.01132791668482036
0.6605468654080381 0.26892451578174614
0.3567501887576072 0.3499234409065204
0.2726619441835826 0.8167458358177765
0.8720872831800824 0.3671811074676069
0.9269603997669174 0.9722671493861359
0.5754288995385916 0.4502039059499463
0.6278125547709037 0.594753756006357
0.29838604524276013 0.5927201666731896
0.549925622642203 0.42675526522491414
0.05780398271001119 0.8421196445966516
0.3266197297589146 0.7874285658251046
0.6985444137246398 0.7513081472074923
0.18051613796673005 0.2938269138767433
0.06698826180919648 0.20125680906290078
0.9541628460407444 0.9159725174669938
0.7166325076716371 0.2540655884572002
0.46238150287456925 0.41859914512989627
0.08953716975194426 0.14655779004629632
0.3586264908610234 0.645771932200761
0.9660111853948651 0.14086598040340426
0.8844055175030215 0.1641624528650133
0.7298092640698131 0.7111664457379762
0.45381840457033185 0.49657646250881726
0.6572437257869265 0.4646635905360017
0.014528998754376077 0.5494028180698113
0.005999243279871114 0.2701214606913659
0.521992487432203 0.8659719880994707
0.15307029703117414 0.2986851066553825
0.6655184971575594 0.02238301261984943
0.4111243805659611 0.06942906597923837
0.19275831658428977 0.8231780801333135
0.43872684600138956 0.13601640336160847
0.7934618534509659 0.9513141298301768
0.35224592052460735 0.7510465197089033
0.5238583398585336 0.38020137406027044
0.7458893003165558 0.7011153712275525
0.17977227009343155 0.1651487138393245
0.8312065861226281 0.5183073185569606
0.8595939317916221 0.19737635910186901
0.8185246045894623 0.44278248153465516
0 132 21 40
0 38 16 9
0 261 5 6
0 243 33 5
0 151 36 45
1 173 9 46
1 128 33 37
1 4 35 37
1 141 40 27
1 147 38 44
2 127 11 6
2 123 5 47
2 176 15 25
2 137 38 45
2 118 25 21
3 120 32 39
3 260 42 14
3 99 9 3
3 96 19 15
3 262 15 17
4 173 44 10
4 18 14 23
4 128 13 21
4 141 41 15
5 196 41 37
5 60 47 10
5 109 36 16
5 188 23 47
5 92 46 34
6 161 0 15
6 111 16 30
6 115 13 34
6 232 44 8
6 253 41 11
7 102 38 38
7 200 10 32
7 182 0 29
7 43 7 9
7 169 35 21
8 223 34 39
8 212 22 37
8 113 47 26
8 238 35 15
8 119 34 8
9 39 17 20
9 27 40 11
9 17 1 42
9 112 38 23
9 229 6 4
10 66 10 28
10 70 24 7
10 28 48 23
10 144 18 23
10 128 21 35
11 217 2 1
11 117 6 1
11 156 21 33
11 29 39 39
11 95 6 4
12 22 8 2
12 87 41 47
12 19 46 38
12 93 26 32
12 226 49 26
13 178 12 23
13 147 9 18
13 31 20 34
13 183 4 34
13 256 42 5
14 163 45 20
14 99 46 46
14 96 17 17
14 215 25 35
14 186 13 24
15 204 16 45
15 235 45 6
15 157 17 40
15 250 3 21
15 197 35 38
16 133 2 25
16 112 2 48
16 17 47 8
16 94 18 9
16 260 6 14
17 112 14 3
17 27 49 43
17 39 27 29
18 249 36 37
18 141 1 30
18 118 28 37
18 176 48 44
19 22 34 20
19 93 46 15
19 208 8 35
19 226 0 47
20 61 28 32
20 177 37 37
20 80 34 42
20 83 34 33
20 151 42 5
21 244 47 38
21 258 30 18
21 68 24 18
21 89 15 15
21 234 8 49
22 93 35 11
22 87 40 14
22 208 36 14
23 54 4 13
23 33 11 37
23 71 37 6
23 220 3 27
23 168 1 17
24 160 5 45
24 60 4 6
24 92 44 19
24 86 36 30
24 196 7 9
25 73 28 39
25 67 28 1
25 247 43 40
25 154 31 8
25 29 20 31
26 206 0 0
26 80 38 45
26 251 5 4
26 177 12 36
26 30 31 2
27 39 10 35
27 112 3 4
27 187 44 0
28 70 20 42
28 241 5 24
28 104 24 23
28 66 19 39
28 144 35 43
29 217 21 6
29 156 14 25
29 169 7 42
30 130 6 26
30 49 9 41
30 80 10 22
30 177 24 2
30 206 29 3
31 183 11 25
31 233 3 4
31 178 15 26
31 256 21 49
32 242 20 44
32 243 46 24
32 184 4 4
32 261 17 35
32 151 45 17
33 54 41 22
33 168 45 41
33 71 26 4
33 98 38 24
34 153 43 38
34 51 23 17
34 37 29 44
34 139 41 1
34 91 49 24
35 67 21 12
35 209 8 35
35 149 32 9
35 154 40 18
35 72 29 18
36 262 24 45
36 221 13 17
36 101 29 36
36 56 10 40
36 246 14 12
37 88 20 24
37 205 41 6
37 210 3 40
37 91 27 19
38 132 12 4
38 83 13 3
38 261 32 44
38 151 37 48
39 112 15 28
39 229 24 27
40 180 4 27
40 115 10 11
40 232 44 38
40 161 20 13
40 117 42 14
41 135 1 22
41 79 11 17
41 165 24 1
41 232 39 42
42 193 12 27
42 255 28 15
42 116 43 10
42 164 28 31
42 220 15 12
43 104 19 21
43 219 7 23
43 182 12 13
43 241 22 23
44 58 15 12
44 107 16 14
44 154 45 24
44 48 20 0
44 201 22 12
45 211 42 27
45 59 45 44
45 229 14 47
45 174 4 0
45 216 20 20
46 63 39 40
46 202 23 34
46 206 0 3
46 130 2 47
47 72 23 34
47 209 24 34
47 152 8 1
47 55 12 33
48 167 41 30
48 154 2 0
48 107 36 6
48 58 37 31
48 200 23 44
49 130 17 41
49 151 28 44
49 243 48 20
49 177 15 2
50 224 32 47
50 138 37 36
50 195 35 11
50 207 31 20
50 69 41 0
51 171 22 49
51 222 4 13
51 90 9 32
51 153 21 6
52 248 40 46
52 75 13 30
52 191 35 37
52 152 30 40
53 119 46 30
53 125 19 0
53 223 1 28
53 143 16 13
53 257 28 30
54 71 3 3
54 220 16 9
54 255 5 30
55 149 31 30
55 197 10 19
55 77 41 33
55 152 31 34
55 250 27 0
56 246 46 33
56 221 17 31
56 194 41 48
57 201 45 6
57 77 38 29
57 149 29 0
57 197 7 29
58 107 10 26
58 154 7 36
58 67 26 33
59 174 10 16
59 175 11 12
59 211 32 26
59 128 37 11
60 196 28 34
60 92 6 32
60 86 37 25
61 212 23 14
61 177 28 15
61 80 45 44
62 170 0 29
62 245 15 38
62 239 27 12
62 188 16 35
62 110 21 28
63 206 17 20
63 130 38 25
63 202 39 0
64 139 10 11
64 153 9 26
64 90 34 29
64 222 33 8
64 131 4 3
65 137 39 13
65 123 31 2
65 81 29 43
65 127 10 11
66 70 34 16
66 241 25 42
66 213 41 38
67 154 28 36
67 73 33 14
67 107 17 11
68 258 32 8
68 244 8 33
68 108 33 15
68 155 18 35
69 100 19 20
69 138 27 18
69 143 1 47
69 114 19 9
69 125 23 12
70 241 11 29
70 104 49 20
71 255 34 16
71 220 23 41
71 193 7 28
72 209 27 42
72 152 38 16
73 154 10 17
73 107 44 15
74 134 0 13
74 82 33 3
74 254 33 26
74 129 19 15
74 181 26 34
75 248 28 21
75 152 32 7
75 191 47 36
76 236 48 9
76 191 3 20
76 240 15 36
76 248 28 41
76 189 41 24
77 197 39 2
77 201 8 44
77 149 42 32
78 98 24 8
78 127 40 35
78 118 46 39
78 176 17 41
79 135 33 36
79 165 14 42
79 81 11 7
79 253 38 6
80 177 16 5
80 130 24 13
80 206 11 5
81 137 4 47
81 123 13 44
81 165 39 11
82 254 15 13
82 134 0 35
82 129 41 28
82 103 11 34
83 238 15 31
83 261 35 47
83 132 3 46
84 97 44 8
84 168 42 14
84 234 1 21
84 145 37 40
84 244 40 39
85 95 41 2
85 253 42 41
85 182 34 17
85 225 0 31
85 111 8 30
86 92 45 29
86 196 19 46
86 140 46 20
87 214 8 3
87 203 36 4
88 205 2 48
88 210 8 37
88 172 8 23
88 157 20 10
89 187 49 31
89 244 14 21
89 258 47 29
90 222 9 42
90 171 16 47
90 153 6 40
91 252 4 10
91 129 44 9
91 254 16 0
91 134 25 37
92 196 36 46
92 160 29 8
93 208 11 34
93 105 2 13
93 162 14 49
94 159 17 9
94 112 27 29
94 258 2 7
95 111 43 45
95 117 45 23
95 253 22 2
96 203 22 24
96 99 14 2
96 215 27 25
96 214 36 0
97 234 5 29
97 244 46 32
97 155 23 12
98 118 14 37
98 176 45 6
98 249 49 28
99 120 14 20
99 260 49 24
100 181 20 1
100 106 40 34
100 138 34 29
101 260 27 24
101 262 8 9
101 221 24 34
102 200 11 14
102 182 34 5
102 169 9 32
102 167 33 4
103 146 16 38
103 126 39 22
103 148 19 4
103 129 16 38
104 144 10 42
104 241 22 24
104 179 32 31
105 208 18 23
105 162 40 9
105 184 49 5
106 181 26 19
106 125 19 39
106 143 18 26
107 154 36 6
108 155 26 20
108 159 36 26
108 258 27 25
108 150 18 1
109 218 22 9
109 207 32 10
109 224 40 16
109 196 21 8
110 245 0 5
110 213 16 33
110 196 32 20
110 175 26 43
110 188 46 42
111 161 26 0
111 115 49 38
111 117 38 9
111 253 14 49
112 133 14 42
113 142 25 47
113 126 33 0
113 212 11 48
114 257 48 45
114 143 3 14
114 239 41 38
114 125 15 17
115 161 3 42
115 232 32 31
115 117 5 15
116 193 45 42
116 145 18 1
116 220 47 30
116 255 30 28
117 161 47 45
118 176 33 6
118 249 48 13
118 127 46 38
119 125 34 13
119 143 8 5
119 142 13 0
120 260 11 6
120 262 6 27
121 166 32 32
121 192 2 11
121 190 16 43
121 131 1 8
122 126 22 12
122 251 31 1
122 146 42 38
122 212 37 16
123 137 28 44
123 127 21 8
124 150 4 27
124 199 35 47
124 155 9 11
124 145 33 15
125 143 19 25
126 146 13 35
126 212 12 46
127 176 45 33
128 173 23 13
129 254 44 8
129 134 43 48
129 252 41 46
130 151 29 25
130 177 21 32
131 259 14 16
131 139 7 41
131 190 47 29
131 189 49 8
132 261 48 13
132 243 20 45
132 162 14 20
133 260 31 9
134 254 27 31
135 165 24 38
135 253 6 40
136 237 39 33
136 227 49 16
136 164 38 6
138 195 17 6
138 239 41 49
139 153 43 49
140 167 12 6
140 200 11 25
140 230 38 11
141 249 39 20
141 147 12 20
141 176 4 11
142 181 7 28
143 257 22 36
144 179 6 20
144 256 1 42
144 241 24 33
145 220 11 32
145 155 25 0
145 193 34 39
146 148 41 36
147 178 40 48
148 252 19 39
149 197 5 2
149 201 38 10
150 199 49 7
150 159 20 23
150 163 29 26
151 243 10 32
151 261 12 49
151 177 46 32
152 209 14 45
155 258 39 11
155 244 10 23
156 217 32 29
156 180 10 4
157 204 4 4
157 259 43 24
157 189 41 21
157 235 40 46
158 202 19 6
158 242 14 20
159 258 9 2
159 244 39 38
160 230 8 2
160 196 40 42
161 232 44 46
162 184 13 18
162 208 9 49
163 215 48 41
163 186 44 44
164 227 11 36
164 237 44 45
164 193 27 9
164 255 34 21
165 225 4 7
165 253 7 48
166 192 19 20
166 190 49 0
167 200 2 9
168 220 33 38
169 182 43 0
169 200 43 7
169 217 15 26
170 239 16 37
170 188 21 41
170 245 18 0
170 195 48 4
171 222 7 0
172 210 20 1
172 207 25 43
172 218 16 12
172 205 4 4
174 175 10 15
174 213 35 37
175 213 47 12
176 249 21 17
178 256 13 14
178 233 0 23
179 256 28 17
179 219 20 45
180 217 8 34
183 233 38 28
183 225 1 20
183 256 16 11
184 242 24 15
184 208 31 25
185 215 12 5
185 198 20 32
185 186 21 33
185 203 42 26
185 214 0 29
186 215 11 47
186 198 29 46
187 244 29 43
187 258 32 17
188 195 26 44
188 239 11 24
189 259 49 25
189 190 32 24
189 240 21 44
190 259 2 25
190 240 17 14
190 192 10 41
191 248 26 12
191 236 29 4
193 255 48 11
193 220 17 38
194 228 23 3
194 216 18 20
194 246 2 44
194 231 46 23
195 239 48 13
195 224 13 32
197 250 42 34
198 215 21 3
202 206 12 35
203 214 28 2
203 215 43 9
204 235 21 6
204 250 47 32
205 210 26 36
207 218 26 11
207 224 35 8
207 210 33 12
210 224 49 40
211 229 46 45
211 216 7 2
213 245 18 6
214 215 47 24
216 228 5 29
216 231 22 1
218 224 14 21
219 256 23 13
219 233 16 1
220 255 19 20
221 246 30 42
223 238 28 1
225 233 21 37
225 253 29 30
226 262 22 18
227 237 49 10
228 231 47 19
228 246 25 28
228 257 42 1
231 257 11 0
233 256 37 31
234 244 48 39
234 258 3 4
235 250 27 32
236 240 25 24
236 248 16 40
240 259 7 6
242 243 32 38
243 261 48 42
244 258 1 48
252 254 40 47
6 41 16 6
30 46 31 47
35 47 7 37
47 52 5 5
53 56 20 23
55 57 25 6
8 61 43 41
30 63 13 11
2 65 23 20
55 72 20 49
48 73 2 1
55 75 32 14
2 78 27 8
49 80 15 33
19 87 10 22
27 89 43 43
17 94 31 39
21 97 4 18
50 100 47 8
3 101 13 43
19 105 38 16
69 106 22 21
82 113 3 19
106 119 6 20
96 120 34 33
64 121 44 14
103 122 33 25
78 123 7 8
108 124 45 49
66 128 8 25
17 133 32 49
94 133 18 20
81 135 29 20
124 136 6 7
42 136 30 25
127 137 0 9
114 138 43 4
90 139 10 40
24 140 10 12
118 141 33 39
106 142 40 33
74 142 40 14
97 145 37 48
82 146 40 7
129 146 16 47
31 147 21 25
91 148 27 15
129 148 13 20
117 156 31 11
46 158 19 25
63 158 28 4
32 158 3 40
68 159 41 7
60 160 42 26
0 162 2 33
96 163 8 12
99 163 10 23
64 166 30 35
139 166 4 3
107 167 44 46
97 168 17 30
153 171 1 28
64 171 17 6
10 173 42 47
59 173 14 48
66 174 15 23
128 174 40 6
66 175 12 13
28 179 0 47
117 180 35 33
11 180 5 18
134 181 23 16
95 182 41 16
96 186 43 12
21 187 23 22
131 192 49 29
64 192 26 14
163 198 12 3
96 198 33 47
186 199 38 9
163 199 0 24
198 199 38 22
197 201 9 14
55 201 0 8
130 202 25 3
197 204 31 13
157 205 14 39
130 206 29 21
55 209 26 37
174 211 40 24
20 212 34 40
117 217 27 15
210 218 11 37
104 219 30 12
144 219 25 45
9 221 43 20
153 222 40 10
119 223 20 9
83 223 27 0
138 224 49 42
22 226 24 4
132 226 17 47
42 227 21 17
193 227 10 30
27 229 36 16
24 230 33 12
7 230 21 29
200 230 25 0
114 231 28 36
111 232 12 32
197 235 25 26
189 236 41 19
42 237 9 35
193 237 1 7
20 238 32 2
61 238 33 33
49 242 48 7
130 243 16 1
188 245 46 48
239 245 12 5
216 246 11 17
73 247 35 31
29 247 32 31
67 247 3 19
156 247 8 49
127 249 35 35
77 250 47 4
61 251 30 13
212 251 44 43
126 251 25 44
103 252 43 36
104 256 40 16
125 257 30 48
239 257 18 7
260 262 17 22
